Index	Distance[?m]	Time[s]	Velocity[?m/s]
1.000000	1.669568	1.410000	1.184091
2.000000	2.919411	2.518000	1.159417
3.000000	0.755612	0.605000	1.248946
4.000000	1.753276	1.511000	1.160342
5.000000	1.100433	1.008000	1.091700
6.000000	3.163746	3.324000	0.951789
7.000000	0.343885	0.403000	0.853314
8.000000	1.055654	0.806000	1.309744
9.000000	3.041409	2.417000	1.258340
10.000000	1.251786	0.806000	1.553084
11.000000	1.685038	1.310000	1.286289
12.000000	0.653382	0.604000	1.081759
13.000000	0.790936	0.806000	0.981311
14.000000	0.652290	1.008000	0.647113
15.000000	0.961269	0.806000	1.192642
16.000000	1.029931	0.403000	2.555661
17.000000	0.652290	0.403000	1.618585
18.000000	0.716842	0.706000	1.015357
19.000000	1.200097	0.806000	1.488954
20.000000	2.207687	1.713000	1.288784
21.000000	4.097232	3.828000	1.070332
22.000000	0.654180	0.705000	0.927915
23.000000	2.652251	2.015000	1.316253
24.000000	0.848809	0.605000	1.402989
25.000000	0.543237	0.303000	1.792863
26.000000	1.052523	0.806000	1.305859
27.000000	3.866860	3.325000	1.162965
28.000000	0.650180	0.403000	1.613350
29.000000	1.026600	0.604000	1.699669
30.000000	0.805446	0.604000	1.333519
31.000000	1.150068	0.806000	1.426883
32.000000	0.913289	3.324000	0.274756
33.000000	0.777987	0.503000	1.546694
34.000000	1.792753	1.410000	1.271456
35.000000	0.956326	0.806000	1.186509
36.000000	0.512317	0.303000	1.690817
37.000000	0.981482	0.705000	1.392172
38.000000	1.772542	1.511000	1.173092
39.000000	2.590638	2.317000	1.118100
40.000000	0.988533	0.806000	1.226468
41.000000	2.283852	2.015000	1.133425
42.000000	1.398032	1.108000	1.261762
43.000000	2.523278	2.015000	1.252247
44.000000	1.500327	1.209000	1.240966
45.000000	1.602622	1.310000	1.223376
46.000000	1.465081	1.310000	1.118383
47.000000	1.512161	1.209000	1.250754
48.000000	0.821066	0.503000	1.632338
49.000000	0.885893	0.605000	1.464286
50.000000	2.523278	2.418000	1.043539
51.000000	1.943606	2.921000	0.665391
52.000000	0.410386	0.201000	2.041723
53.000000	0.649778	0.302000	2.151584
54.000000	0.985100	1.511000	0.651953
55.000000	3.022399	2.720000	1.111176
56.000000	0.961672	0.705000	1.364074
57.000000	0.810597	0.403000	2.011407
58.000000	0.472848	0.605000	0.781568
59.000000	1.618215	1.309000	1.236222
60.000000	0.842820	0.504000	1.672262
61.000000	0.539405	0.403000	1.338474
62.000000	1.348512	1.008000	1.337810
63.000000	0.580283	0.604000	0.960734
64.000000	0.921626	0.805000	1.144877
65.000000	0.682686	0.605000	1.128407
66.000000	0.580766	0.303000	1.916719
67.000000	0.239139	0.202000	1.183856
68.000000	3.547216	2.720000	1.304124
69.000000	0.818588	0.705000	1.161118
70.000000	0.675732	0.504000	1.340737
71.000000	1.632215	1.208000	1.351171
72.000000	0.884116	0.706000	1.252290
73.000000	1.616101	1.310000	1.233665
74.000000	0.848905	0.705000	1.204120
75.000000	0.577255	0.403000	1.432395
76.000000	0.881126	0.605000	1.456406
77.000000	0.372784	1.008000	0.369825
78.000000	0.883454	0.605000	1.460254
79.000000	0.509685	0.202000	2.523192
80.000000	0.131293	0.403000	0.327945
81.000000	2.414299	2.015000	1.198163
82.000000	1.972244	1.411000	1.397763
83.000000	1.271250	1.108000	1.147338
84.000000	0.549730	0.504000	1.090734
85.000000	3.359054	2.921000	1.149967
86.000000	1.119685	0.906000	1.235855
87.000000	1.573178	1.108000	1.419836
88.000000	1.436380	1.310000	1.096474
89.000000	1.611558	1.410000	1.142949
90.000000	0.411462	0.403000	1.020997
91.000000	0.891500	0.604000	1.475994
92.000000	0.342885	0.402000	0.852947
93.000000	1.857619	5.340000	0.347869
94.000000	0.945697	0.706000	1.339514
95.000000	3.662098	2.820000	1.298616
96.000000	0.997775	0.907000	1.100083
97.000000	1.307429	0.806000	1.622121
98.000000	1.135399	0.605000	1.876693
99.000000	1.876562	1.410000	1.330895
100.000000	1.774984	1.208000	1.469357
101.000000	1.730795	1.209000	1.431592
102.000000	0.576378	0.302000	1.908536
103.000000	0.576378	0.302000	1.908536
104.000000	0.622269	0.504000	1.234661
105.000000	0.891500	1.109000	0.803878
106.000000	3.188828	2.518000	1.266413
107.000000	3.591029	2.921000	1.229384
108.000000	0.478804	0.706000	0.678193
109.000000	1.164140	0.907000	1.283506
110.000000	1.095661	1.007000	1.088045
111.000000	0.821746	0.705000	1.165597
112.000000	0.616310	0.403000	1.529304
113.000000	1.100993	0.705000	1.561692
114.000000	0.481684	0.403000	1.195247
115.000000	2.617076	1.915000	1.366619
116.000000	0.883688	0.805000	1.097749
117.000000	0.883688	0.906000	0.975373
118.000000	1.836848	1.612000	1.139484
119.000000	1.564723	1.512000	1.034869
120.000000	1.060544	0.907000	1.169287
121.000000	0.821066	0.403000	2.037385
122.000000	1.813187	1.410000	1.285949
123.000000	1.226519	1.511000	0.811727
124.000000	4.020258	3.727000	1.078685
125.000000	0.885820	0.503000	1.761073
126.000000	0.995242	0.806000	1.234792
127.000000	1.132517	0.706000	1.604132
128.000000	1.873479	1.310000	1.430137
129.000000	0.647202	0.302000	2.143053
130.000000	0.885820	0.604000	1.466589
131.000000	3.498942	3.526000	0.992326
132.000000	1.088503	0.705000	1.543975
133.000000	1.530707	0.907000	1.687659
134.000000	1.176729	0.402000	2.927186
135.000000	1.857926	1.511000	1.229600
136.000000	2.236392	2.620000	0.853585
137.000000	2.617076	2.015000	1.298797
138.000000	1.291544	1.007000	1.282566
139.000000	1.136400	1.410000	0.805958
140.000000	0.881914	0.504000	1.749830
141.000000	0.474569	0.302000	1.571422
142.000000	2.750238	2.317000	1.186982
143.000000	0.713405	0.504000	1.415485
144.000000	1.182534	0.907000	1.303787
145.000000	0.810881	0.806000	1.006056
146.000000	0.912241	0.806000	1.131812
147.000000	0.885500	0.504000	1.756943
148.000000	1.046185	0.705000	1.483950
149.000000	3.173017	2.720000	1.166551
150.000000	0.950186	1.511000	0.628846
151.000000	0.644769	0.906000	0.711666
152.000000	1.832502	2.115000	0.866431
153.000000	0.780510	0.806000	0.968375
154.000000	0.649494	0.605000	1.073544
155.000000	1.596661	1.309000	1.219756
156.000000	1.397794	0.805000	1.736390
157.000000	0.859077	0.604000	1.422313
158.000000	1.341496	1.109000	1.209644
159.000000	1.321882	1.712000	0.772127
160.000000	0.915149	0.504000	1.815772
161.000000	0.847360	0.403000	2.102631
162.000000	0.891974	0.604000	1.476778
163.000000	2.818303	2.216000	1.271798
164.000000	1.040088	0.806000	1.290432
165.000000	0.402615	0.101000	3.986285
166.000000	2.113728	1.612000	1.311245
167.000000	0.637473	0.202000	3.155809
168.000000	1.554183	1.109000	1.401427
169.000000	0.413372	1.108000	0.373080
170.000000	2.263743	1.813000	1.248617
171.000000	0.913496	0.907000	1.007162
172.000000	0.884842	0.604000	1.464971
173.000000	2.273299	1.612000	1.410235
174.000000	2.166028	3.123000	0.693573
175.000000	3.648523	6.447000	0.565926
176.000000	2.318688	1.612000	1.438392
177.000000	0.647869	0.604000	1.072630
178.000000	1.111752	0.504000	2.205857
179.000000	2.329557	2.015000	1.156108
180.000000	4.076725	3.727000	1.093836
181.000000	0.513873	0.605000	0.849377
182.000000	1.054487	0.504000	2.092236
183.000000	0.646298	0.504000	1.282338
184.000000	0.850393	0.906000	0.938623
185.000000	1.191380	0.706000	1.687507
186.000000	1.774053	1.108000	1.601131
187.000000	2.217566	1.612000	1.375662
188.000000	1.519870	1.411000	1.077158
189.000000	2.500614	2.216000	1.128436
190.000000	2.202259	1.713000	1.285615
191.000000	1.325228	1.612000	0.822102
192.000000	0.577664	0.403000	1.433408
193.000000	1.907560	2.115000	0.901919
194.000000	2.146005	0.907000	2.366047
195.000000	1.021907	0.201000	5.084114
196.000000	2.368323	2.014000	1.175930
197.000000	1.928492	1.914000	1.007571
198.000000	0.515649	0.302000	1.707446
199.000000	1.100051	0.504000	2.182641
200.000000	2.652820	2.821000	0.940383
201.000000	2.009148	1.713000	1.172883
202.000000	0.102160	0.806000	0.126749
203.000000	1.259974	1.411000	0.892965
204.000000	1.396187	1.109000	1.258961
205.000000	0.647014	0.806000	0.802747
206.000000	0.851750	1.511000	0.563699
207.000000	2.248619	2.922000	0.769548
208.000000	2.078269	2.720000	0.764069
209.000000	1.022100	0.805000	1.269689
210.000000	2.521179	1.814000	1.389845
211.000000	1.124309	0.705000	1.594765
212.000000	0.749540	0.403000	1.859900
213.000000	2.093147	1.410000	1.484501
214.000000	0.907030	0.706000	1.284745
215.000000	0.913038	0.705000	1.295089
216.000000	1.448263	1.209000	1.197902
217.000000	1.206886	1.209000	0.998251
218.000000	2.342410	1.713000	1.367431
219.000000	1.408683	1.209000	1.165164
220.000000	1.750253	1.309000	1.337092
221.000000	0.857967	1.007000	0.852003
222.000000	1.998926	1.914000	1.044371
223.000000	2.233278	1.612000	1.385408
224.000000	1.511757	1.310000	1.154013
225.000000	0.687162	0.403000	1.705117
226.000000	0.410615	0.202000	2.032745
227.000000	0.996385	0.705000	1.413313
228.000000	2.115450	2.115000	1.000213
229.000000	0.716524	0.403000	1.777974
230.000000	1.978970	0.907000	2.181885
231.000000	1.022150	0.504000	2.028075
232.000000	1.431010	0.302000	4.738443
233.000000	1.198380	0.503000	2.382465
234.000000	0.684788	0.403000	1.699227
235.000000	1.643492	1.309000	1.255533
236.000000	0.650549	0.705000	0.922765
237.000000	0.923940	1.008000	0.916607
238.000000	0.855500	1.209000	0.707610
239.000000	0.855500	0.705000	1.213475
240.000000	2.643610	2.418000	1.093304
241.000000	1.788661	1.410000	1.268554
242.000000	1.017443	1.813000	0.561193
243.000000	3.683852	3.425000	1.075577
244.000000	1.841926	1.310000	1.406050
245.000000	1.023292	0.805000	1.271170
246.000000	1.569860	1.914000	0.820199
247.000000	1.767194	1.511000	1.169553
248.000000	1.802538	0.302000	5.968668
249.000000	4.044151	3.727000	1.085096
250.000000	0.959629	0.706000	1.359248
251.000000	0.411270	0.403000	1.020520
252.000000	1.428188	1.007000	1.418260
253.000000	0.816107	0.504000	1.619261
254.000000	1.027897	0.705000	1.458009
255.000000	1.267739	0.907000	1.397728
256.000000	3.155976	2.620000	1.204571
257.000000	1.187733	1.007000	1.179477
258.000000	1.357409	0.806000	1.684130
259.000000	0.746575	0.302000	2.472103
260.000000	0.984253	0.806000	1.221157
261.000000	1.221831	0.403000	3.031838
262.000000	1.247973	1.007000	1.239298
263.000000	0.674580	0.706000	0.955496
264.000000	0.910683	0.705000	1.291749
265.000000	1.026008	0.604000	1.698689
266.000000	0.608282	0.302000	2.014178
267.000000	1.556274	1.209000	1.287241
268.000000	0.811969	1.108000	0.732824
269.000000	1.088545	1.108000	0.982442
270.000000	1.802903	1.410000	1.278655
271.000000	0.714358	0.503000	1.420194
272.000000	0.914732	0.604000	1.514457
273.000000	0.925107	0.605000	1.529102
274.000000	1.135606	0.907000	1.252047
275.000000	0.853004	0.605000	1.409924
276.000000	0.784764	0.302000	2.598556
277.000000	1.228326	1.108000	1.108598
278.000000	0.989485	0.806000	1.227649
279.000000	1.910729	1.612000	1.185316
280.000000	0.853004	0.604000	1.412259
281.000000	0.784764	0.303000	2.589980
282.000000	1.191971	1.209000	0.985915
283.000000	0.799348	0.906000	0.882283
284.000000	0.749540	1.209000	0.619967
285.000000	0.894427	0.705000	1.268690
286.000000	1.090239	0.705000	1.546439
287.000000	0.775016	0.604000	1.283139
288.000000	1.022369	0.605000	1.689867
289.000000	1.158685	1.007000	1.150631
290.000000	9.269482	8.059000	1.150202
291.000000	1.023235	1.410000	0.725699
292.000000	3.717755	3.123000	1.190444
293.000000	0.603922	0.504000	1.198258
294.000000	0.848449	0.705000	1.203473
295.000000	1.568127	1.109000	1.414001
296.000000	3.749868	2.820000	1.329741
297.000000	3.214394	2.417000	1.329911
298.000000	1.250103	1.108000	1.128252
299.000000	1.114978	0.907000	1.229303
300.000000	1.385276	0.705000	1.964930
301.000000	1.047404	0.504000	2.078182
302.000000	1.095661	0.907000	1.208006
303.000000	0.616310	0.605000	1.018694
304.000000	0.616310	1.310000	0.470465
305.000000	1.566807	1.209000	1.295953
306.000000	0.817465	0.705000	1.159524
307.000000	0.579037	0.403000	1.436818
308.000000	1.093288	0.504000	2.169221
309.000000	1.335337	0.906000	1.473882
310.000000	1.335337	0.806000	1.656746
311.000000	0.958704	0.504000	1.902190
312.000000	1.189580	1.108000	1.073628
313.000000	0.339880	0.403000	0.843375
