Index	Distance[?m]	Time[s]	Velocity[?m/s]
1.000000	2.633217	2.015000	1.306807
2.000000	1.025929	0.806000	1.272864
3.000000	1.719011	1.007000	1.707061
4.000000	6.305036	6.044000	1.043189
5.000000	1.192845	0.806000	1.479956
6.000000	0.820933	0.604000	1.359161
7.000000	0.684111	0.302000	2.265269
8.000000	0.513083	0.201000	2.552653
9.000000	3.237721	2.620000	1.235771
10.000000	2.078958	1.914000	1.086185
11.000000	1.124682	1.512000	0.743837
12.000000	3.067315	1.611000	1.903982
13.000000	0.681625	1.109000	0.614631
14.000000	0.545300	0.604000	0.902815
15.000000	0.136325	0.302000	0.451408
16.000000	0.669535	0.705000	0.949695
17.000000	1.880564	1.209000	1.555471
18.000000	0.785833	0.302000	2.602097
19.000000	1.313053	0.806000	1.629097
20.000000	1.178132	1.007000	1.169942
21.000000	1.589218	1.209000	1.314490
22.000000	2.028789	1.611000	1.259335
23.000000	0.796709	0.605000	1.316875
24.000000	1.658365	0.201000	8.250574
25.000000	0.473819	0.604000	0.784468
26.000000	1.060811	0.906000	1.170873
27.000000	0.444856	0.403000	1.103861
28.000000	0.410636	0.202000	2.032853
29.000000	1.037115	1.007000	1.029905
30.000000	0.906824	0.806000	1.125092
31.000000	1.476897	0.805000	1.834655
32.000000	1.115920	0.403000	2.769032
33.000000	0.697450	0.201000	3.469901
34.000000	2.724566	2.418000	1.126785
35.000000	2.127167	1.813000	1.173286
36.000000	1.613347	1.007000	1.602132
37.000000	0.350728	0.201000	1.744913
38.000000	2.613987	2.418000	1.081053
39.000000	0.619102	0.403000	1.536234
40.000000	1.614538	2.115000	0.763375
41.000000	1.521102	1.310000	1.161146
42.000000	2.389867	2.619000	0.912511
43.000000	1.569570	1.208000	1.299313
44.000000	0.102363	0.202000	0.506749
45.000000	0.580058	0.403000	1.439351
46.000000	2.754163	2.015000	1.366830
47.000000	3.464462	3.425000	1.011522
48.000000	1.269159	0.907000	1.399294
49.000000	2.094117	1.813000	1.155056
50.000000	1.323928	1.612000	0.821295
51.000000	2.139239	2.015000	1.061657
52.000000	1.863106	1.411000	1.320416
53.000000	2.129278	1.713000	1.243011
54.000000	0.961610	0.705000	1.363985
55.000000	1.657352	1.007000	1.645832
56.000000	1.048529	0.806000	1.300905
57.000000	0.980882	0.706000	1.389351
58.000000	0.913235	0.504000	1.811974
59.000000	1.758823	1.813000	0.970117
60.000000	1.192615	0.907000	1.314901
61.000000	0.717853	0.403000	1.781272
62.000000	0.958152	0.806000	1.188774
63.000000	1.437227	1.310000	1.097120
64.000000	0.650174	0.303000	2.145790
65.000000	0.444856	0.605000	0.735299
66.000000	2.011160	1.813000	1.109300
67.000000	1.124886	0.504000	2.231917
68.000000	3.262220	2.720000	1.199346
69.000000	1.330493	0.806000	1.650736
70.000000	3.513867	2.317000	1.516559
71.000000	0.443498	1.108000	0.400269
72.000000	0.893234	0.907000	0.984822
73.000000	1.069880	1.007000	1.062443
74.000000	0.468073	0.604000	0.774955
75.000000	1.329716	0.806000	1.649771
76.000000	1.250657	0.705000	1.773982
77.000000	0.764273	0.604000	1.265353
78.000000	0.833752	1.511000	0.551789
79.000000	1.069173	0.705000	1.516557
80.000000	0.724279	0.605000	1.197155
81.000000	2.210501	1.310000	1.687405
82.000000	1.830571	2.115000	0.865518
83.000000	1.262447	0.806000	1.566312
84.000000	1.927343	1.511000	1.275541
85.000000	2.202677	1.612000	1.366425
86.000000	0.653920	0.706000	0.926232
87.000000	1.617591	1.511000	1.070544
88.000000	2.539101	1.814000	1.399725
89.000000	1.284154	1.008000	1.273962
90.000000	0.878632	0.605000	1.452284
91.000000	1.047599	0.705000	1.485957
92.000000	0.878632	1.008000	0.871659
93.000000	3.569885	2.417000	1.476990
94.000000	1.363769	0.806000	1.692021
95.000000	0.305032	0.302000	1.010040
96.000000	0.923458	0.604000	1.528903
97.000000	0.206115	0.504000	0.408957
98.000000	0.515286	0.201000	2.563614
99.000000	1.686425	1.310000	1.287347
100.000000	0.984399	0.503000	1.957056
101.000000	0.531557	0.504000	1.054676
102.000000	1.134547	0.907000	1.250879
103.000000	0.618844	0.503000	1.230306
104.000000	0.446943	0.202000	2.212588
105.000000	1.323681	1.007000	1.314479
106.000000	3.945552	3.324000	1.186989
107.000000	3.602460	2.922000	1.232875
108.000000	1.543912	1.612000	0.957762
109.000000	2.847659	2.418000	1.177692
110.000000	1.388403	1.310000	1.059850
111.000000	1.773991	1.713000	1.035605
112.000000	3.561130	3.022000	1.178402
113.000000	2.478806	2.015000	1.230176
114.000000	3.293969	2.619000	1.257720
115.000000	1.329320	1.007000	1.320080
116.000000	3.647109	3.526000	1.034348
117.000000	1.329320	1.108000	1.199748
118.000000	1.227065	0.605000	2.028206
119.000000	1.363405	0.806000	1.691570
120.000000	0.852128	0.403000	2.114462
121.000000	0.958797	0.907000	1.057108
122.000000	0.926347	0.504000	1.837990
123.000000	1.235129	1.008000	1.225327
124.000000	1.272068	0.907000	1.402501
125.000000	5.805247	5.541000	1.047689
126.000000	0.472520	0.201000	2.350846
127.000000	1.900909	1.914000	0.993160
128.000000	0.577062	0.503000	1.147240
129.000000	0.882565	0.705000	1.251865
130.000000	3.666039	4.735000	0.774243
131.000000	0.611007	0.504000	1.212315
132.000000	1.851556	1.612000	1.148608
133.000000	0.822801	0.503000	1.635787
134.000000	2.044876	1.611000	1.269321
135.000000	1.226926	0.504000	2.434377
136.000000	0.749788	0.604000	1.241371
137.000000	2.888424	2.216000	1.303441
138.000000	1.052375	0.806000	1.305677
139.000000	1.025929	1.410000	0.727609
140.000000	1.333707	0.907000	1.470460
141.000000	2.300645	1.411000	1.630507
142.000000	0.648809	0.303000	2.141284
143.000000	1.539750	0.806000	1.910360
144.000000	1.779267	1.209000	1.471685
145.000000	1.337763	1.310000	1.021193
146.000000	0.832658	0.706000	1.179403
147.000000	0.684394	0.403000	1.698248
148.000000	1.676765	1.411000	1.188352
149.000000	1.191136	1.209000	0.985224
150.000000	1.670851	1.512000	1.105060
151.000000	1.446753	0.805000	1.797209
152.000000	1.377860	1.108000	1.243556
153.000000	0.797335	0.604000	1.320091
154.000000	0.852128	0.604000	1.410809
155.000000	0.759560	0.504000	1.507064
156.000000	0.582518	0.705000	0.826267
157.000000	2.679701	2.115000	1.266998
158.000000	0.409040	0.604000	0.677218
159.000000	0.504273	0.504000	1.000541
160.000000	0.874072	0.907000	0.963696
161.000000	0.341557	0.302000	1.130985
162.000000	0.784654	0.604000	1.299096
163.000000	1.364615	0.604000	2.259297
164.000000	2.345925	2.116000	1.108660
165.000000	1.020384	0.907000	1.125010
166.000000	0.744997	0.403000	1.848628
167.000000	0.618178	0.705000	0.876848
168.000000	2.139050	2.015000	1.061563
169.000000	0.950455	1.208000	0.786800
170.000000	1.189351	1.208000	0.984562
171.000000	0.856305	0.403000	2.124826
172.000000	1.396415	1.008000	1.385333
173.000000	0.579001	0.503000	1.151096
174.000000	0.171508	0.403000	0.425578
175.000000	0.411619	0.504000	0.816705
176.000000	1.336240	1.007000	1.326952
177.000000	0.824112	0.706000	1.167297
178.000000	0.513032	0.403000	1.273032
179.000000	1.733055	1.108000	1.564129
180.000000	2.092858	2.317000	0.903262
181.000000	1.383808	1.007000	1.374189
182.000000	1.358247	0.806000	1.685170
183.000000	0.678190	0.705000	0.961971
184.000000	1.069785	0.705000	1.517425
185.000000	0.727472	0.605000	1.202433
186.000000	1.524228	1.209000	1.260734
187.000000	1.376540	1.008000	1.365615
188.000000	0.378548	0.302000	1.253471
189.000000	1.644757	1.511000	1.088522
190.000000	3.336273	2.619000	1.273873
191.000000	0.374357	0.403000	0.928926
192.000000	0.884844	0.705000	1.255098
193.000000	1.984567	1.209000	1.641494
194.000000	1.676617	1.410000	1.189090
195.000000	0.511300	0.403000	1.268734
196.000000	0.581119	0.504000	1.153014
197.000000	0.786220	1.309000	0.582679
198.000000	0.274305	0.907000	0.302431
199.000000	0.411457	1.007000	0.408597
200.000000	1.647921	1.512000	1.089895
